-1 MORPH AIRFOIL TT
1 0
0.99319  0.00247
0.98765  0.00396
0.98192  0.00471
0.97619  0.00495
0.97046  0.00576
0.96472  0.00635
0.95899  0.00722
0.95326  0.00777
0.94753  0.00824
0.94180  0.00869
0.93607  0.00926
0.93034  0.00994
0.92461  0.01070
0.91888  0.01145
0.91315  0.01210
0.90742  0.01286
0.90169  0.01363
0.89596  0.01441
0.89023  0.01515
0.88449  0.01592
0.87876  0.01673
0.87303  0.01757
0.86730  0.01840
0.86157  0.01932
0.85584  0.02027
0.85011  0.02126
0.84438  0.02217
0.83865  0.02299
0.83292  0.02368
0.82719  0.02424
0.82146  0.02479
0.81573  0.02539
0.81000  0.02616
0.80426  0.02715
0.79853  0.02812
0.79280  0.02885
0.78707  0.02930
0.78134  0.02965
0.77561  0.02984
0.76988  0.03042
0.76415  0.03115
0.75842  0.03185
0.75269  0.03315
0.74696  0.03452
0.74123  0.03606
0.73550  0.03747
0.72977  0.03833
0.72403  0.03910
0.71830  0.03974
0.71257  0.04017
0.70684  0.04043
0.70111  0.04062
0.69538  0.04075
0.68978  0.04020
0.68515  0.04049
0.67926  0.04129
0.67353  0.04170
0.66780  0.04193
0.66212  0.04230
0.65634  0.04262
0.65061  0.04270
0.64488  0.04282
0.63915  0.04281
0.63342  0.04277
0.62769  0.04298
0.62196  0.04295
0.61623  0.04299
0.61049  0.04275
0.60476  0.04296
0.59903  0.04348
0.59330  0.04392
0.58757  0.04430
0.58184  0.04465
0.57611  0.04503
0.57038  0.04543
0.56465  0.04597
0.55892  0.04643
0.55319  0.04685
0.54746  0.04722
0.54173  0.04755
0.53600  0.04789
0.53026  0.04835
0.52453  0.04874
0.51880  0.04887
0.51307  0.04920
0.50734  0.04957
0.50161  0.04997
0.49588  0.05022
0.49015  0.05043
0.48442  0.05077
0.47869  0.05116
0.47296  0.05140
0.46723  0.05167
0.46150  0.05202
0.45577  0.05236
0.45003  0.05263
0.44430  0.05273
0.43857  0.05291
0.43284  0.05314
0.42711  0.05336
0.42138  0.05358
0.41565  0.05380
0.40992  0.05405
0.40419  0.05432
0.39846  0.05453
0.39273  0.05471
0.38700  0.05487
0.38127  0.05512
0.37554  0.05530
0.36980  0.05542
0.36407  0.05551
0.35834  0.05567
0.35261  0.05573
0.34688  0.05585
0.34115  0.05587
0.33542  0.05599
0.32969  0.05603
0.32396  0.05610
0.31823  0.05617
0.31250  0.05617
0.30677  0.05610
0.30104  0.05610
0.29531  0.05614
0.28957  0.05607
0.28384  0.05591
0.27811  0.05577
0.27238  0.05571
0.26665  0.05564
0.26092  0.05558
0.25519  0.05549
0.24946  0.05528
0.24373  0.05519
0.23800  0.05498
0.23227  0.05479
0.22654  0.05446
0.22081  0.05416
0.21508  0.05383
0.20934  0.05357
0.20361  0.05326
0.19788  0.05291
0.19215  0.05257
0.18642  0.05218
0.18069  0.05180
0.17496  0.05128
0.16923  0.05074
0.16350  0.05022
0.15777  0.04970
0.15204  0.04918
0.14631  0.04865
0.14058  0.04808
0.13484  0.04738
0.12911  0.04660
0.12338  0.04579
0.11765  0.04505
0.11192  0.04432
0.10619  0.04354
0.10046  0.04265
0.09473  0.04155
0.08900  0.04043
0.08327  0.03927
0.07754  0.03818
0.07181  0.03706
0.06608  0.03587
0.06035  0.03449
0.05461  0.03289
0.04888  0.03130
0.04315  0.02966
0.03742  0.02762
0.03169  0.02555
0.02596  0.02339
0.02023  0.02060
0.01450  0.01755
0.00877  0.01359
0.00393  0.00838
0.00089  0.00028
0.00286  -0.00815
0.00805  -0.01380
0.01378  -0.01766
0.01951  -0.02128
0.02524  -0.02414
0.03098  -0.02673
0.03671  -0.02884
0.04244  -0.03070
0.04817  -0.03250
0.05390  -0.03443
0.05963  -0.03586
0.06536  -0.03698
0.07109  -0.03853
0.07682  -0.03947
0.08255  -0.04075
0.08828  -0.04189
0.09401  -0.04280
0.09974  -0.04354
0.10548  -0.04472
0.11121  -0.04554
0.11694  -0.04630
0.12267  -0.04696
0.12840  -0.04761
0.13413  -0.04802
0.13986  -0.04861
0.14559  -0.04940
0.15132  -0.04986
0.15705  -0.05055
0.16278  -0.05110
0.16851  -0.05203
0.17424  -0.05244
0.17997  -0.05241
0.18571  -0.05259
0.19144  -0.05295
0.19717  -0.05329
0.20290  -0.05376
0.20863  -0.05412
0.21436  -0.05434
0.22009  -0.05462
0.22582  -0.05492
0.23155  -0.05518
0.23728  -0.05534
0.24301  -0.05547
0.24874  -0.05565
0.25447  -0.05566
0.26020  -0.05586
0.26594  -0.05581
0.27167  -0.05603
0.27740  -0.05602
0.28313  -0.05616
0.28886  -0.05620
0.29459  -0.05613
0.30032  -0.05601
0.30605  -0.05578
0.31178  -0.05564
0.31751  -0.05567
0.32324  -0.05564
0.32897  -0.05559
0.33470  -0.05557
0.34043  -0.05548
0.34617  -0.05537
0.35190  -0.05517
0.35763  -0.05509
0.36336  -0.05501
0.36909  -0.05494
0.37482  -0.05478
0.38055  -0.05447
0.38628  -0.05441
0.39201  -0.05422
0.39774  -0.05395
0.40347  -0.05378
0.40920  -0.05337
0.41493  -0.05333
0.42066  -0.05304
0.42640  -0.05294
0.43213  -0.05264
0.43786  -0.05246
0.44359  -0.05210
0.44932  -0.05177
0.45505  -0.05139
0.46078  -0.05100
0.46651  -0.05063
0.47224  -0.05026
0.47797  -0.04991
0.48370  -0.04955
0.48943  -0.04925
0.49516  -0.04897
0.50089  -0.04861
0.50663  -0.04825
0.51236  -0.04792
0.51809  -0.04765
0.52382  -0.04721
0.52955  -0.04679
0.53528  -0.04637
0.54101  -0.04583
0.54674  -0.04552
0.55247  -0.04509
0.55820  -0.04467
0.56393  -0.04429
0.56966  -0.04388
0.57539  -0.04332
0.58112  -0.04309
0.58686  -0.04240
0.59259  -0.04197
0.59832  -0.04181
0.60405  -0.04141
0.60978  -0.04080
0.61508  -0.04010
0.62124  -0.03951
0.62697  -0.03909
0.63270  -0.03863
0.63843  -0.03817
0.64416  -0.03774
0.64989  -0.03730
0.65562  -0.03669
0.66135  -0.03635
0.66709  -0.03557
0.67282  -0.03475
0.67855  -0.03444
0.68428  -0.03466
0.69001  -0.03421
0.69574  -0.03378
0.70147  -0.03337
0.70720  -0.03293
0.71293  -0.03247
0.71866  -0.03193
0.72439  -0.03114
0.73012  -0.03044
0.73585  -0.02987
0.74159  -0.02937
0.74732  -0.02887
0.75305  -0.02834
0.75878  -0.02782
0.76451  -0.02729
0.77024  -0.02673
0.77597  -0.02619
0.78170  -0.02563
0.78743  -0.02511
0.79316  -0.02460
0.79889  -0.02407
0.80462  -0.02357
0.81035  -0.02304
0.81608  -0.02250
0.82182  -0.02193
0.82755  -0.02128
0.83328  -0.02072
0.83901  -0.02022
0.84474  -0.01964
0.85047  -0.01904
0.85620  -0.01852
0.86193  -0.01787
0.86766  -0.01721
0.87339  -0.01663
0.87912  -0.01604
0.88485  -0.01543
0.89058  -0.01482
0.89631  -0.01421
0.90205  -0.01361
0.90778  -0.01297
0.91351  -0.01232
0.91924  -0.01167
0.92497  -0.01108
0.93070  -0.01048
0.93643  -0.00988
0.94216  -0.00929
0.94789  -0.00876
0.95362  -0.00832
0.95935  -0.00782
0.96508  -0.00713
0.97081  -0.00608
0.97654  -0.00506
0.98228  -0.00398
0.98801  -0.00297
0.99374  -0.00160
0.99875  -0.00006
1 0