-1 MORPH AIRFOIL TT
1.0 0.0
0.9907161803713529   0.001278761334896017
0.9840848806366049   0.0025908333847388665
0.9784403814576228   0.0034444173284656765
0.9726985179571386   0.004280816140513899
0.9669566544566546   0.005140812509317305
0.9612147909561704   0.005965412542987769
0.9554729274556861   0.006872604025301876
0.9497310639552019   0.0077090028373500985
0.9439892004547177   0.008580797984531041
0.9382473369542335   0.009440794353334558
0.9325054734537492   0.010312589500515612
0.9267636099532652   0.011172585869319018
0.921021746452781    0.012032582238122536
0.9152798829522968   0.01290437738530359
0.9095380194518126   0.013764373754106995
0.9037961559513283   0.014624370122910513
0.8980542924508441   0.015460768934958624
0.8923124289503599   0.016356161638894973
0.8865705654498759   0.017180761672565548
0.8808287019493916   0.01807615437650184
0.8750868384489074   0.018912553188550008
0.8693449749484232   0.019796147114108764
0.863603111447939    0.020644344704534523
0.8578612479474549   0.021539737408470927
0.8521193844469707   0.022364337442141446
0.8463775209464864   0.023247931367700092
0.8406356574460023   0.02410792773650361
0.8348937939455181   0.024979722883684607
0.8291519304450339   0.02587511558762101
0.8234100669445497   0.02677050829155736
0.8176682034440655   0.027665900995493653
0.8119263399435813   0.02854949492105241
0.8061844764430971   0.029409491289855816
0.800442612942613    0.030293085215414517
0.7947007494421288   0.03116488036259557
0.7889588859416445   0.03196588283951085
0.7832170224411604   0.032766885316426186
0.7774751589406762   0.03353249145820858
0.771733295440192    0.03440428660538963
0.7659914319397078   0.03527608175257069
0.7602495684392236   0.0360180903375979
0.7545077049387394   0.03707866593882103
0.7487658414382552   0.03806844886977839
0.7430239779377711   0.03904643302235805
0.7372821144372869   0.03998902083980499
0.7315402509368026   0.04087261476536369
0.7257983874363185   0.041803403804432926
0.7200565239358343   0.04256900994621532
0.7143146604353501   0.04320482952584381
0.7085727969348659   0.043722661321695944
0.7028309334343817   0.04409890777701658
0.6970890699338975   0.04445155667558193
0.6913472064334133   0.044768809239014384
0.6856053429329292   0.04508606180244684
0.679863479432445    0.04534432047399117
0.6741216159319607   0.04564977425904598
0.6683797524314765   0.04588443537383502
0.6626378889309924   0.04617809038051224
0.6568960254305082   0.046412751495301274
0.651154161930024    0.04667101016684555
0.6454122984295398   0.04691747006001229
0.6396704349290556   0.047199326288311805
0.6339285714285714   0.04743398740310084
0.6281867079280873   0.04765684973951223
0.6224448444276031   0.047856114519168436
0.6167029809271188   0.04823236097448902
0.6109611174266346   0.048467022089278056
0.6052192539261505   0.04877247587433292
0.5994773904256663   0.04933750278369564
0.5937355269251821   0.04986713335792542
0.5879936634246979   0.05027877614837889
0.5822517999242137   0.050690418938832416
0.5765099364237295   0.051090262950908294
0.5707680729232454   0.05151370451973941
0.5650262094227612   0.052149524099367905
0.5592843459222769   0.05270275223035292
0.5535424824217927   0.053149791355939335
0.5478006189213086   0.05357323292477045
0.5420587554208244   0.053925881823335964
0.5363168919203402   0.054349323392166915
0.530575028419856    0.054855356409641454
0.5248331649193718   0.05527879797847263
0.5190913014188876   0.05546626397975113
0.5133494379184034   0.0557481202080507
0.5076075744179193   0.05625415322552518
0.501865710917435    0.056677594794356356
0.4961238474169508   0.056994847357788814
0.4903819839164667   0.057170514580689724
0.4846401204159825   0.05758215737114325
0.47889825691549825  0.05802919649672972
0.47315639341501414  0.05833465028178442
0.4674145299145299   0.05859290895332869
0.4616726664140457   0.05899275296540463
0.4559308029135615   0.05936899942072521
0.45018893941307736  0.05967445320578002
0.44444707591259314  0.05986191920705858
0.4387052124121089   0.05994319620293842
0.4329633489116248   0.06023685120961564
0.4272214854111406   0.060447914767649547
0.42147962191065635  0.060776966109459485
0.41573775841017224  0.06103522478100398
0.409995894909688    0.06129348345254809
0.4042540314092038   0.061610736015980605
0.3985121679087196   0.061833598352391994
0.39277030440823546  0.06206825946718103
0.38702844090775124  0.06217313401981611
0.38128657740726707  0.06252578291838151
0.37554471390678285  0.06271324891966001
0.3698028504062987   0.06272373324527408
0.36406098690581445  0.06300558947357371
0.3583191234053303   0.06313406158296403
0.3525772599048461   0.06325073491397676
0.3468353964043619   0.06332021313147901
0.3410935329038777   0.06343688646249179
0.3353516694033935   0.06348276712323869
0.32960980590290934  0.06359944045425142
0.32386794240242517  0.06364532111499843
0.31812607890194095  0.06357321399196908
0.3123842154014568   0.06350110686893973
0.30664235190097255  0.06364137775670775
0.3009004884004884   0.06373445353096524
0.2951586249000042   0.06366234640793589
0.28941676139952     0.06359023928490654
0.2836748978990358   0.06351813216187724
0.2779330343985516   0.06344602503884789
0.27219117089806744  0.06337391791581853
0.26644930739758327  0.06303043889010373
0.26070744389709904  0.0629111366535639
0.2549655803966149   0.06290982220080016
0.24922371689613065  0.06270792851561702
0.24348185339564649  0.06263582139258772
0.23773998989516226  0.06238673259389382
0.2319981263946781   0.06214944257357774
0.22625626289419393  0.06184135988299583
0.2205143993937097   0.06150967963565862
0.21477253589322554  0.061130804274810935
0.2090306723927413   0.06079912402747367
0.20328880889225714  0.060491041336891815
0.19754694539177298  0.060112165976044074
0.19180508189128875  0.05967429672330815
0.18606321839080459  0.05928362258408282
0.18032135489032036  0.05879855821783647
0.1745794913898362   0.05825449995970189
0.16883762788935203  0.05765144780967918
0.1630957643888678   0.057036596881278934
0.15735390088838364  0.056457142288011464
0.1516120373878994   0.05588948647312164
0.14587017388741524  0.05526283676634369
0.14012831038693108  0.05468338217307628
0.13438644688644685  0.05389154956901149
0.12864458338596269  0.053005326737925684
0.1229027198854785   0.05213090268521753
0.11716085638499431  0.051268277410886964
0.11141899288451011  0.050464646028444526
0.10567712938402592  0.049566624418981076
0.09993526588354172  0.048562413804118965
0.09419340238305755  0.047334026400081886
0.08845153888257336  0.04608204143928951
0.08270967538208916  0.04478286136498666
0.07696781188160497  0.04354267518257193
0.07122594838112077  0.04227889144340197
0.0654840848806366   0.04096791259072147
0.05974222138015241  0.039385561835355465
0.05400035787966821  0.03759083306919214
0.048258494379184017     0.03578430552465117
0.04251663087869982  0.033942381644977315
0.03677476737821565  0.03165210418695352
0.031032903877731458     0.02938542428568497
0.025291040377247262     0.026929963930374334
0.019549176876763066     0.023778375650783556
0.01380731337627887  0.02032001913337439
0.008065449875794689     0.015894162788999466
0.0032207525472611465    0.010072300707011594
0.00017038756262892363   0.000741190138383474
0.0023235863753104935    -0.008825592364899104
0.007347716938234161     -0.014933259723749037
0.013089580438718343     -0.019273895713953326
0.01883144393920254  -0.02334315980147228
0.024573307439686734     -0.02659830818093456
0.03031517094017093  -0.029487694430690436
0.036057034440655125     -0.03186973321020803
0.04179889794113929  -0.03399219886541793
0.04754076144162349  -0.03598487795847394
0.053282624942107684     -0.03815453872719432
0.05902448844259188  -0.039793254468921346
0.06476635194307608  -0.041030811745809026
0.07050821544356027  -0.04278751527131219
0.07625007894404444  -0.04383629209415785
0.08199194244452863  -0.04532162371697568
0.08773380594501283  -0.0465473822154856
0.09347566944549703  -0.04760795781670879
0.09921753294598122  -0.04842075907200172
0.10495939644646539  -0.049764505354288
0.11070125994694958  -0.05071889195011248
0.11644312344743378  -0.05155529076216059
0.12218498694791798  -0.05227370179043256
0.12792685044840219  -0.05299211281870442
0.13366871394888635  -0.05350994461455649
0.13941057744937052  -0.05415756297256269
0.14515244094985474  -0.05504115689812139
0.1508943044503389   -0.05557078747235111
0.15663616795082308  -0.05635999117088886
0.1623780314513073   -0.05693681685862917
0.16811989495179147  -0.05802099001660754
0.1738617584522757   -0.05844443158543877
0.17960362195275986  -0.05847851346780808
0.18534548545324403  -0.058654180690708935
0.19108734895372825  -0.05905402470278487
0.19682921245421242  -0.05945386871486058
0.20257107595469664  -0.059983499289090525
0.2083129394551808   -0.06040694085792164
0.21405480295566498  -0.060629803194332976
0.2197966664561492   -0.06095885453614314
0.22553852995663337  -0.06129970465633083
0.2312803934571176   -0.06155796332787511
0.23702225695760176  -0.061733630550776075
0.24276412045808593  -0.06194469410880987
0.24850598395857015  -0.062084964996577785
0.2542478474590543   -0.06218983954921298
0.25998971095953854  -0.062318311658603354
0.2657315744600227   -0.062375991097727845
0.2714734379605069   -0.06251626198549598
0.2772153014609911   -0.06257394142462047
0.28295716496147527  -0.06267881597725566
0.2886990284619595   -0.06271289785962497
0.29444089196244366  -0.06260539440146273
0.3001827554629279   -0.062486092164922846
0.30592461896341205  -0.062307796036494945
0.3116664824638962   -0.06223568891346554
0.31740834596438045  -0.06216358179043624
0.3231502094648646   -0.06209147466740694
0.32889207296534884  -0.062019367544377535
0.334633936465833    -0.06194726042134824
0.34037579996631717  -0.06187515329831894
0.3461176634668014   -0.06180304617528953
0.35185952696728556  -0.061730939052260236
0.3576013904677698   -0.06165883192923083
0.36334325396825395  -0.061480535800802816
0.3690851174687381   -0.0613258372291301
0.37482698096922235  -0.06115933987907962
0.3805688444697065   -0.06093384863714113
0.38631070797019074  -0.060731954951957934
0.39205257147067496  -0.0604710673748865
0.39779443497115907  -0.06026917368970319
0.4035362984716433   -0.059949292220743744
0.4092781619721275   -0.05952322174638536
0.41502002547261163  -0.05942751706660088
0.42076188897309585  -0.059331812386816285
0.4265037524735801   -0.059094522366500035
0.4322456159740642   -0.058857232346183896
0.4379874794745484   -0.05856094843397963
0.44372934297503264  -0.058229268186642424
0.44947120647551686  -0.05783859404741709
0.455213069976001    -0.057412523573058816
0.4609549334764852   -0.05697465432032289
0.4666967969769694   -0.05654858384596473
0.47243866047745353  -0.05614611092836164
0.47818052397793775  -0.05573183923238112
0.483922387478422    -0.05532936631477814
0.4896642509789061   -0.05497408851068564
0.4954061144793903   -0.05470140215523667
0.5011479779798745   -0.054298929237633686
0.5068898414803588   -0.05387285876327541
0.5126317049808429   -0.053529379737560556
0.5183735684813271   -0.053138705598335334
0.5241154319818113   -0.052677238788844116
0.5298572954822954   -0.05220397320097536
0.5355991589827797   -0.051825097840127565
0.5413410224832639   -0.05113945424146149
0.547082885983748    -0.05086676788601252
0.5528247494842322   -0.05033450840625553
0.5585666129847164   -0.04983764526163148
0.5643084764852007   -0.04939977600889567
0.5700503399856848   -0.048926510421026914
0.575792203486169    -0.04835885460613709
0.5815340669866532   -0.04812156458582095
0.5872759304871373   -0.047270738089868036
0.5930177939876216   -0.04689186272902035
0.5987596574881058   -0.04665457270870421
0.60450152098859     -0.04621670345596829
0.6102433844890741   -0.045531059857302214
0.6159852479895583   -0.04488081259376886
0.6217271114900426   -0.0443013580005015
0.6274689749905267   -0.043792696077499915
0.6332108384910109   -0.04328403415449822
0.6389527019914951   -0.04278717100987417
0.6446945654919792   -0.042278509086872584
0.6504364289924635   -0.04175804838549324
0.6561782924929477   -0.041166795013848234
0.6619201559934319   -0.040646334312469
0.667662019493916    -0.040137672389467194
0.6734038829944002   -0.03957001657457748
0.6791457464948845   -0.039025958316442955
0.6848876099953686   -0.03849369883668596
0.6906294734958528   -0.037996835692062025
0.696371336996337    -0.037464576212305034
0.7021132004968211   -0.036885121619037675
0.7078550639973054   -0.03634106336090315
0.7135969274977896   -0.035773407546013214
0.7193387909982738   -0.03513495906085773
0.7250806544987579   -0.03464989469461133
0.7308225179992421   -0.03397604987432279
0.7365643814997264   -0.03331400383241201
0.7423062450002105   -0.032758146795899945
0.7480481085006947   -0.03219049098101001
0.7537899720011789   -0.03157564005260971
0.7595318355016631   -0.03099618545934235
0.7652736990021473   -0.030393133309319587
0.7710155625026315   -0.029790081159296933
0.7767574260031157   -0.029151632674141226
0.7824992895035998   -0.02856037930249622
0.788241153004084    -0.02798092470922886
0.7939830165045683   -0.027389671337583743
0.7997248800050524   -0.02678661918756109
0.8054667435055366   -0.02612457314565031
0.8112086070060208   -0.02549792343887225
0.816950470506505    -0.024800481061828528
0.8226923340069892   -0.024138435019917748
0.8284341975074734   -0.023511785313139688
0.8341760610079576   -0.022873336827984203
0.8399179245084417   -0.022211290786073423
0.8456597880089259   -0.021525647187407237
0.8514016515094102   -0.02089899748062929
0.8571435150098943   -0.02022515266034075
0.8628853785103785   -0.019539509061674676
0.8686272420108627   -0.018912859354896727
0.874369105511347    -0.01827441086974113
0.8801109690118311   -0.017588767271075056
0.8858528325123152   -0.01691492245078663
0.8915946960127994   -0.01620568129536515
0.8973365595132836   -0.015425647469678117
0.9030784230137678   -0.01465741242236862
0.9088202865142521   -0.013912774931814309
0.9145621500147363   -0.013109143549371871
0.9203040135152205   -0.012317310945307192
0.9260458770157045   -0.011513679562864754
0.9317877405161887   -0.010698249402044668
0.937529604016673    -0.009835624127714104
0.9432714675171572   -0.008996596410138835
0.9490133310176414   -0.008145769914185919
0.9547551945181256   -0.007318540974988186
0.9604970580186099   -0.006479513257412917
0.9662389215190939   -0.005616887983082464
0.9719807850195781   -0.004789659043884731
0.9777226485200623   -0.003962430104687109
0.9840848806366049   -0.002990561964098304
0.9907161803713529   -0.0015119363395226237
0.9986737400530505   -0.000016655357473305266
1.0 0.0