+3 MORPH AIRFOIL TT
1.0 0.0
0.9917514345331248   0.0012871674491393703
0.9862415232133542   0.0026212832550861487
0.9794333616090999   0.003318761521433844
0.9736694962102378   0.00410939932491361
0.9678986863952329   0.005204202555465942
0.9621302804165851   0.006193717753570027
0.9563605389732946   0.007241726303034324
0.9505915988087897   0.008254638841682427
0.9448231928301419   0.009244154039786623
0.939054252665637    0.010257066578434726
0.9332853125011321   0.01126997911708294
0.9275169065224843   0.012259494315187025
0.9217495689155512   0.013202214832203185
0.9159800945651889   0.014238524711395306
0.9102124898653269   0.015192943898683364
0.9044454193513219   0.016123965745427404
0.8986767462797457   0.01712517961380361
0.8929083403010981   0.01811469481190775
0.8871410026941645   0.019057415328923744
0.8813728638084456   0.02003523185675593
0.8756047249227265   0.021013048384588007
0.869837387315793    0.02195576890160411
0.8640692484300738   0.022933585429436132
0.8583016437302118   0.02388800461672419
0.8525335048444928   0.024865821144556377
0.8467659001446307   0.025820240331844435
0.8409974941659829   0.026809755529948576
0.8352293552802638   0.027787572057780652
0.8294614834874732   0.028753689915340774
0.8236930775088256   0.029743205113444915
0.8179254728089635   0.03069762430073303
0.8121581352020302   0.03164034481774908
0.8063915988738825   0.032547969323949044
0.8006242612669491   0.03349068984096515
0.7948582591246587   0.03437491700662115
0.7890919898894396   0.035270842842549166
0.7833259877471491   0.036155070008205115
0.7775618552553587   0.036957406481956945
0.7718014620645685   0.037595961571900594
0.7660373295727781   0.038398298045652424
0.7602646501072731   0.039574991968108764
0.7544930390134823   0.04070489120947712
0.7487294407075491   0.041483830342684935
0.7429637056581871   0.04235635883806893
0.7371977035158966   0.04324058600372488
0.7314333039311778   0.044054621147748774
0.7256697056252446   0.044833560280956586
0.7199087782485972   0.0454955127114442
0.7141489192436642   0.04611067046084377
0.7083911969821598   0.046632238848067165
0.7026348101852985   0.04709531388393051
0.69687975885308     0.04749989556843376
0.6911252417067186   0.04788107991239299
0.6853717929320716   0.048215469575264125
0.6796191454362104   0.04851476322731918
0.6738678334049921   0.04875556352801419
0.6681162542808452   0.04900806249898115
0.6623660106213413   0.04920206811858807
0.6566149656830516   0.04943116974901102
0.6508671258599048   0.0495198873361698
0.6451182176650438   0.04965539960441662
0.6393677069126112   0.049861103894295544
0.6336204012753217   0.04992642414091025
0.6278698905228891   0.05013212843078918
0.622119112677528    0.05034953139094017
0.6163565827433092   0.05108167584305989
0.6105951211808046   0.05176702561409158
0.604842740777872    0.05205462059587462
0.5990847514234391   0.05258788765337008
0.5933275633477919   0.053086058700049454
0.5875730462014306   0.05346724304400868
0.5818185290550693   0.05384842738796786
0.5760642790016365   0.054217913061655076
0.5703094947623466   0.05461079607588626
0.5645499028503421   0.05521425515501377
0.5587919134959093   0.055747522212509226
0.5530368621636907   0.05615210389701247
0.5472820779244009   0.056544986911243655
0.5415291633356111   0.056855979233570775
0.5357741120033925   0.05726056091807402
0.5300174581136026   0.05773533462420938
0.5242626738743127   0.058128217638440616
0.5185132314935944   0.05828712724723145
0.5127613852765189   0.05855132488847048
0.5070044642938003   0.059037797264877845
0.5012502142403678   0.059407282938565065
0.49549783383743506  0.05969487792034811
0.48974865854964544  0.05984208885886694
0.483994141403284    0.060223273202826166
0.4782388229781369   0.06063955355760148
0.4724867096681329   0.06091544986911246
0.46673539763691463  0.06115625016980741
0.4609814146764105   0.06151403717322257
0.45522769880883485  0.061860125506365715
0.4494755854988308   0.06213602181787675
0.443725876025184    0.06230663009693965
0.4379791045737518   0.06234855300301034
0.4322272583566762   0.06261275064424937
0.4264772817901008   0.06279505759358445
0.42072463429423956  0.06309435124563934
0.41497358935594986  0.0633234528760625
0.4092222773247316   0.06356425317675729
0.403469896921799    0.06385184815854039
0.39772045454108074  0.06401075776733123
0.39196940960279103  0.06423985939775423
0.38622183687257283  0.06431687831464095
0.3804686551908545   0.06463956930724007
0.37471947990306487  0.0647867802457589
0.36897377682334687  0.06478190847074144
0.36322219769919994  0.06503440744170846
0.3574740907831247   0.06513482369913925
0.351726250959978    0.06522354128629804
0.3459794795085457   0.06526546419236873
0.3402313725924704   0.06536588044979946
0.3344854024198237   0.06537270734505413
0.3287375625966771   0.06546142493221285
0.32299132533110186  0.06547995049773953
0.31724775899481256  0.065381489360546
0.3115041926585232   0.06528302822335247
0.30575635283537644  0.0653717458105112
0.3000085130122298   0.06546046339766998
0.29426494667594044  0.06536200226047645
0.2885213803396511   0.06526354112328292
0.28277781400336177  0.06516507998608939
0.2770342476670724   0.06506661884889586
0.2712906813307831   0.06496815771170228
0.265552723945994    0.0646240244987964
0.25981076016727617  0.06445537133997076
0.2540655912734153   0.06442710222440917
0.24832496295934042  0.0641999557142236
0.24258166371597967  0.06408979590675806
0.23684210377361908  0.06381585471548423
0.23110200964540134  0.06356531086475448
0.22536378516768374  0.0632328763221206
0.21962609487582324  0.06287704443894265
0.21388974004860573  0.06246271920440466
0.20815178266381662  0.062118585991498776
0.20241355818609896  0.0617861514488649
0.1966769362659529   0.06138352488459886
0.19094164981044964  0.060922404968972776
0.18520529498323207  0.06050807973443478
0.17947107689944325  0.06000016513772061
0.17373819428029724  0.05943375718964633
0.16800664712579427  0.05880885589021201
0.1622753670642198   0.05817225592050562
0.15654328572385962  0.05757075196161532
0.15081067019764227  0.05699264534326909
0.145079924321925    0.056332648033018684
0.13934811007449344  0.05571944540385637
0.13362083640684774  0.05490736538006974
0.1278954323897022   0.05401339466437899
0.12217002837255661  0.05311942394868824
0.11644435726248242  0.05223715190326955
0.11071735068776536  0.05141337320921091
0.10499274794940555  0.05048430648270408
0.09927001486154582  0.04947334906429318
0.0935526236322578   0.048228418240441884
0.08783603368175552  0.04694839140577456
0.08211971082418185  0.04565666590083517
0.07640312087367959  0.04437663906616779
0.07068653092317734  0.043096612231500464
0.0649707422514608   0.04178148938601706
0.05926136381003033  0.04018559845400527
0.05355679304131439  0.03837913145709709
0.04785248936552702  0.036560965789916966
0.042148986968525426     0.034707704111920756
0.036455634102810025     0.032409892963587816
0.030761747051237465     0.03013547915579895
0.02507213348652229  0.02767388662365783
0.01939854549752218  0.024510373875195612
0.013731367738808092     0.02106609304020496
0.008086358693166595     0.016650822572636836
0.0033714157872082873    0.010821571853610434
0.0005297335064916309    0.0015893390823333853
0.002900393360786291     -0.007870562535772785
0.008066326723522727     -0.013930110490295133
0.013909518722174219     -0.01819525336456429
0.019746834676396846     -0.022203025492849027
0.02556572121854714  -0.025403589372364643
0.03137659497283987  -0.028253193143719546
0.037175182452417715     -0.030564658082561813
0.042968695166352405     -0.03265384828623552
0.04875900276514411  -0.03460265444664523
0.054553850943721754     -0.03675033800167904
0.06033561156879874  -0.03832478671338413
0.06610882522016098  -0.0395248779763846
0.07189405805330956  -0.04125140940162586
0.07766273112488589  -0.04225262327000201
0.08344155372774845  -0.043698386608714834
0.08921476737911072  -0.0448984778717153
0.09498370754361563  -0.045911390410363406
0.1007473058495488   -0.04669032954357122
0.10652292333726837  -0.047995708839019824
0.11228972675834459  -0.048915032015491855
0.11805385925013495  -0.049717368489243685
0.12381558790556807  -0.05041441693054749
0.12957651528221542  -0.05107636936103499
0.1353337033578626   -0.051574540407714475
0.14109356236279558  -0.05218969815711394
0.14685876322630032  -0.05303882931195392
0.1526162183948761   -0.053548699028905244
0.15837901542202354  -0.054292542151297085
0.16413727186938504  -0.054837507879064495
0.16990701331267566  -0.05588551642852879
0.1756617975519656   -0.05627839944275992
0.18140830191046942  -0.05630862367855871
0.18715721010533043  -0.05644413594680542
0.192910925972906    -0.05679022427994862
0.19866544311926737  -0.05717140862390779
0.20442289828784305  -0.05768127834085912
0.21017741543420443  -0.058062462684818406
0.2159276590937083   -0.058256468304425324
0.2216803065895696   -0.05855576195648038
0.2274332211783594   -0.0588667542788075
0.23318453320957772  -0.059107554579502564
0.23893344140443873  -0.05924306684774927
0.24468341797101412  -0.059425373797084236
0.25043179198001797  -0.059537488724787035
0.2561793647102361   -0.05961450764167375
0.26192747162631136  -0.05971492389910449
0.2676739759848152   -0.05974514813490328
0.273422349993819    -0.05985726306260597
0.2791688543523228   -0.05988748729840465
0.28491642708254095  -0.05996450621529137
0.2906623972551875   -0.05997133311054592
0.29640462812683394  -0.05981437862199235
0.3021476602772661   -0.059692520144254746
0.3078888227771982   -0.05948877097461314
0.31363238911348756  -0.05939030983741955
0.31937595544977687  -0.05929184870022608
0.32511952178606623  -0.059193387563032496
0.3308630881223556   -0.05909492642583902
0.3366066544586449   -0.05899646528864544
0.34235022079493427  -0.058898004151451966
0.3480937871312236   -0.05879954301425838
0.35383735346751294  -0.05870108187706491
0.3595809198038023   -0.058602620739871325
0.3653223493966629   -0.05841057024050167
0.3710637789895236   -0.05821851974113201
0.3768052085823842   -0.05802646924176236
0.38254530271060194  -0.0577759253910326
0.3882859310246769   -0.05754877888084675
0.3940252238741089   -0.057263139019301024
0.3997661192811123   -0.05704769117938724
0.40550380957297283  -0.056691859296209346
0.41123936312140463  -0.05624243805085527
0.4169823952718368   -0.05612057957311778
0.42272542742226904  -0.05599872109538018
0.4284652544575581   -0.055736478574378356
0.4342050814928473   -0.055474236053376536
0.4399435730634935   -0.055153500181014725
0.44568126335535396  -0.05479766829783683
0.4514178852755002   -0.05439504173357079
0.4571531717310032   -0.05393392181794465
0.4628884581865065   -0.05347280190231862
0.4686240117349383   -0.05302338065696455
0.47436036656215586  -0.052609055422426554
0.48009592011058777  -0.05215963417707248
0.48583200784487657  -0.05173361027226242
0.49156943104380846  -0.05136607971881246
0.49730818970738333  -0.051057042516722606
0.5030442774416723   -0.05063101861191266
0.5087798309901042   -0.05018159736655847
0.514517254189036    -0.049814066813108626
0.5202538761091821   -0.049411440248842586
0.5259883612858995   -0.048915224322400475
0.531722846462617    -0.04841900839595825
0.5374594683827633   -0.04801638183169232
0.5431891458867661   -0.04730958984035383
0.5489281716432695   -0.047012251308536035
0.5546613213553441   -0.04645754203073382
0.5603952723462043   -0.04593792876374769
0.5661305588017076   -0.04547680884812155
0.5718653110713536   -0.044992291591951505
0.5775976595046423   -0.0444024863033331
0.5833372194470029   -0.044128545112059325
0.5890631576500056   -0.04325797173691259
0.5948000466630804   -0.04286704384291862
0.6005390724195838   -0.042569705311100825
0.6062751601538727   -0.04214368140629077
0.6120045705649471   -0.04142519074468032
0.6177329126043071   -0.04065990540198172
0.6234601862719528   -0.03984782537819509
0.6291944043557417   -0.039339910781480913
0.6349275540678161   -0.0387852015036787
0.6406612379657478   -0.03825388956642051
0.6463949218636795   -0.03772257762916231
0.6521275373898969   -0.03714447101081608
0.6578590845444  -0.036519569711381816
0.6635933026281887   -0.03601165511466753
0.6693261852473347   -0.03544524716659336
0.6750588007735521   -0.03486714054824702
0.6807919504856267   -0.03431243127044492
0.686525901476487    -0.03379281800345868
0.69225931828149     -0.03324980739592842
0.6979930021794217   -0.03271849545867023
0.7037261518914962   -0.032163786180868015
0.709459835789428    -0.03163247424360982
0.7151919171297882   -0.03103097028471946
0.7209256010277199   -0.030499658347461378
0.7266590178327229   -0.02995664773993112
0.7323916333589403   -0.02937854112158489
0.7381242488851577   -0.028800434503238548
0.7438573985972322   -0.028245725225436336
0.7495908154022354   -0.027702714617906077
0.7553239651143099   -0.027148005340103976
0.7610573819193129   -0.026604994732573717
0.7667899974455303   -0.026026888114227487
0.7725239484363907   -0.025507274847241246
0.7782573652413938   -0.024964264239711098
0.7839899807676111   -0.024386157621364757
0.7897236646655428   -0.023854845684106563
0.7954560130988316   -0.023265040395488268
0.8011894299038347   -0.02272202978795801
0.8069225796159093   -0.022167320510155908
0.8126551951421266   -0.021589213891809567
0.8183886119471296   -0.02104620328427942
0.8241222958450615   -0.020514891347021114
0.829855445557136    -0.019960182069219012
0.8355891294550677   -0.019428870131960707
0.8413222791671421   -0.018874160854158495
0.8470548946933595   -0.018296054235812265
0.8527891127771484   -0.01778813963909809
0.8585230637680087   -0.01726852637211196
0.8642567476659404   -0.016737214434853764
0.8699896302850862   -0.016170806486779488
0.8757235812759466   -0.015651193219793247
0.8814567309880211   -0.015096483941991035
0.8871906819788814   -0.014576870675004794
0.8929240987838846   -0.014033860067474646
0.8986583168676735   -0.01352594547076047
0.9043911994868193   -0.012959537522686304
0.9101240821059654   -0.012393129574612027
0.9158588343756114   -0.011908612318441869
0.9215922511806144   -0.01136560171091161
0.9273259350785462   -0.010834289773653527
0.9330585506047636   -0.010256183155307186
0.9387917003168381   -0.009701473877505085
0.9445232474713411   -0.009076572578070596
0.9502558629975583   -0.008498465959724477
0.955987143059133    -0.007861865990018035
0.9617178889348502   -0.007201868679767687
0.9674467651600674   -0.006459980677613109
0.9731732375489272   -0.005612804643010505
0.9788967719155727   -0.004636943235415525
0.9877412623891496   -0.003067292644757358
0.9931859676577987   -0.0015453834115805032
0.997261345852895    -0.000046948356807519076
1.0 0.0